5	1
7	2
9	3
10	4
11	8
12	11
13	13
15	15
17	18
18	19
19	21
20	23
21	24
22	25
24	26
25	28
26	29
27	30
28	32
29	33
30	35
31	38
32	39
33	41
36	45
37	47
38	51
39	53
40	55
41	56
43	57
44	61
45	62
46	65
48	67
50	71
51	73
52	78
53	80
54	81
55	84
56	85
57	88
58	89
59	90
60	92
61	94
62	96
63	97
64	100
65	102
66	103
67	104
68	105
69	110
70	111
71	112
72	115
73	117
74	118
75	119
76	121
78	122
79	123
80	124
81	126
82	127
83	128
85	130
86	131
87	133
88	136
89	138
90	141
91	143
92	147
93	149
94	152
95	155
96	158
97	163
99	164
100	165
101	169
102	172
103	175
104	177
105	180
106	181
107	183
108	185
109	187
110	190
111	193
112	194
113	196
114	197
115	198
116	200
117	202
118	207
119	210
120	212
122	214
123	215
124	219
125	220
126	223
128	224
129	227
130	230
132	233
133	235
134	239
135	240
136	242
137	248
138	251
139	253
140	256
141	260
142	265
143	268
144	269
145	273
146	274
147	275
148	277
150	278
152	280
153	282
154	283
155	285
156	287
157	290
159	293
160	294
161	297
162	298
163	300
164	301
165	305
166	309
167	311
168	314
169	315
170	318
171	319
172	321
173	322
174	323
175	327
176	328
177	330
178	331
179	337
180	340
181	343
182	346
183	347
184	349
185	352
186	354
187	357
188	359
189	363
190	364
191	366
193	369
194	370
196	374
197	376
198	378
199	379
200	382
201	387
202	389
203	392
204	393
205	394
206	395
207	396
208	399
209	401
210	404
211	406
212	408
213	409
214	410
216	412
217	414
218	416
219	420
220	422
221	423
222	425
223	427
224	428
225	429
227	431
228	432
229	433
231	435
232	436
233	437
234	439
235	440
236	444
237	446
238	448
239	450
240	451
241	453
242	454
244	458
245	459
246	460
247	463
248	465
249	467
250	468
251	472
252	475
253	477
254	480
255	484
256	486
257	488
258	493
259	495
260	497
261	499
262	500
263	503
264	505
265	507
266	508
267	510
268	511
269	513
271	515
273	516
274	518
275	521
276	526
277	528
278	530
279	532
280	533
281	537
282	539
283	542
284	544
285	545
286	546
287	548
288	550
289	553
290	555
291	558
292	565
293	572
294	577
295	583
296	587
297	589
298	592
299	594
300	596
301	597
303	602
304	604
305	605
306	609
307	613
308	619
309	622
310	623
311	624
312	627
313	630
314	636
315	639
316	643
317	644
318	646
319	649
320	650
321	653
322	659
323	661
324	663
325	664
326	667
327	670
328	671
329	678
330	681
331	683
332	687
333	690
334	693
335	695
336	696
337	700
338	702
339	709
340	711
341	715
342	719
343	725
344	729
345	731
346	734
347	736
348	737
349	740
350	743
351	745
352	749
353	751
354	760
355	770
356	776
357	778
358	781
359	787
360	795
361	808
362	811
363	819
364	821
365	822
366	827
367	832
368	838
369	840
370	848
371	852
372	860
373	866
374	870
375	874
376	877
377	881
378	885
380	890
381	895
382	896
383	900
384	904
385	909
386	910
387	913
388	916
390	917
392	921
394	924
395	925
396	926
397	929
398	933
399	934
400	935
401	937
402	941
403	946
404	948
405	949
406	954
407	959
408	967
409	973
410	976
411	983
412	990
413	997
414	1000
415	1003
416	1008
417	1009
418	1012
419	1017
420	1019
421	1024
422	1030
423	1033
424	1036
425	1039
426	1044
427	1045
428	1046
429	1049
430	1051
431	1052
432	1054
433	1056
434	1057
435	1060
436	1065
437	1067
438	1068
439	1071
440	1074
441	1075
443	1076
444	1078
445	1081
446	1082
447	1088
448	1091
450	1092
451	1094
452	1095
453	1097
454	1100
455	1103
456	1105
457	1106
458	1108
459	1110
460	1112
462	1113
463	1114
464	1115
465	1120
466	1123
467	1124
468	1127
469	1129
470	1130
471	1132
472	1133
473	1136
474	1142
475	1145
476	1148
477	1150
478	1153
479	1156
480	1160
481	1163
482	1166
483	1169
484	1172
485	1176
486	1179
487	1181
488	1184
489	1187
490	1189
491	1190
492	1195
493	1196
494	1200
495	1206
496	1211
498	1213
499	1214
500	1215
501	1217
502	1219
503	1221
504	1223
505	1224
506	1225
507	1226
508	1227
509	1228
510	1229
511	1233
512	1238
513	1240
514	1245
515	1247
516	1249
517	1254
518	1255
519	1257
520	1260
521	1262
522	1266
523	1267
524	1271
525	1275
526	1278
527	1279
528	1281
529	1286
531	1287
532	1290
533	1295
534	1299
535	1304
536	1308
537	1313
538	1317
539	1319
540	1325
541	1329
542	1334
544	1335
546	1337
547	1339
548	1340
549	1343
550	1346
551	1348
552	1349
553	1351
554	1355
555	1357
556	1362
557	1363
558	1369
559	1372
560	1374
561	1376
562	1381
563	1382
564	1385
565	1387
566	1389
567	1391
568	1393
570	1395
571	1398
572	1401
573	1403
575	1404
576	1406
577	1409
578	1411
579	1415
580	1422
581	1424
582	1427
583	1433
584	1437
585	1438
587	1441
588	1442
589	1444
590	1447
591	1448
592	1451
593	1453
594	1454
595	1458
596	1460
597	1462
598	1466
599	1469
600	1471
601	1474
603	1476
605	1478
606	1479
607	1480
608	1483
609	1486
610	1492
611	1497
612	1505
613	1507
614	1510
615	1514
616	1516
617	1520
618	1523
619	1527
620	1533
621	1539
622	1541
623	1542
624	1544
625	1548
626	1552
627	1556
628	1559
629	1566
630	1567
631	1568
632	1572
633	1573
634	1574
635	1576
636	1578
638	1579
641	1580
642	1581
643	1582
644	1583
645	1585
647	1586
648	1588
649	1589
650	1590
651	1591
652	1593
653	1594
654	1598
655	1599
656	1600
657	1601
659	1603
661	1604
663	1607
665	1609
666	1610
668	1611
669	1613
670	1614
671	1615
673	1617
674	1618
675	1620
676	1622
677	1625
678	1627
679	1630
680	1631
681	1632
682	1633
683	1635
685	1637
686	1638
687	1644
688	1646
689	1647
690	1648
691	1650
692	1653
693	1654
694	1655
695	1656
696	1657
698	1658
699	1659
700	1661
701	1665
702	1668
704	1671
705	1673
706	1674
707	1676
708	1679
709	1681
710	1682
711	1684
712	1685
713	1686
715	1691
716	1693
719	1695
720	1697
721	1699
722	1703
723	1705
725	1706
726	1707
727	1708
728	1713
730	1716
731	1718
732	1720
733	1722
734	1725
735	1726
736	1728
737	1730
738	1731
739	1737
740	1740
742	1743
743	1746
744	1749
745	1752
746	1755
747	1758
748	1762
749	1766
750	1768
751	1770
752	1771
753	1773
754	1774
755	1776
756	1778
757	1784
758	1786
759	1789
760	1792
761	1793
762	1794
763	1798
766	1801
768	1802
769	1803
770	1806
772	1807
773	1809
774	1811
776	1813
778	1814
779	1817
780	1819
781	1828
782	1829
783	1831
785	1832
786	1833
787	1834
788	1836
790	1840
791	1844
792	1846
793	1851
794	1854
795	1856
796	1859
798	1862
800	1864
801	1865
803	1866
804	1867
805	1869
806	1870
807	1874
808	1875
809	1876
810	1877
813	1878
815	1880
816	1882
817	1883
818	1884
820	1887
823	1888
825	1889
826	1890
828	1891
829	1893
830	1896
832	1897
833	1898
835	1900
836	1902
837	1904
838	1906
839	1907
840	1908
842	1911
843	1913
844	1914
845	1916
846	1917
847	1918
848	1920
849	1921
850	1923
851	1926
852	1928
853	1929
854	1930
855	1931
856	1933
857	1935
858	1936
859	1937
860	1939
861	1940
862	1944
864	1946
865	1947
866	1948
867	1950
869	1953
870	1955
871	1958
872	1960
873	1961
874	1962
875	1963
876	1965
877	1966
878	1968
879	1970
880	1971
881	1973
882	1977
883	1978
884	1979
885	1983
886	1984
887	1987
888	1989
889	1992
891	1995
892	1997
893	1998
894	2001
895	2003
898	2006
899	2007
901	2008
902	2012
903	2013
904	2014
905	2017
906	2020
907	2023
908	2025
909	2027
910	2029
911	2030
912	2031
914	2032
916	2034
918	2035
919	2038
920	2040
922	2042
923	2045
924	2047
925	2049
927	2051
928	2052
929	2054
930	2055
932	2057
933	2059
934	2060
935	2061
936	2062
937	2067
938	2070
940	2072
941	2075
942	2076
943	2077
944	2078
945	2080
946	2082
948	2083
950	2086
951	2087
953	2090
954	2091
955	2093
957	2095
958	2096
959	2098
960	2100
961	2104
964	2105
965	2107
966	2111
967	2112
968	2114
969	2115
970	2116
971	2117
972	2119
973	2120
974	2121
975	2126
976	2127
978	2128
979	2129
980	2130
982	2131
983	2132
984	2133
985	2135
986	2139
987	2143
988	2144
989	2146
990	2147
992	2148
993	2150
994	2152
995	2153
996	2155
997	2157
998	2158
1000	2160
1001	2162
1002	2166
1003	2167
1004	2168
1005	2171
1006	2173
1007	2174
1008	2176
1009	2177
1010	2178
1011	2180
1012	2182
1013	2186
1014	2188
1015	2192
1016	2196
1017	2198
1018	2201
1019	2204
1020	2207
1021	2209
1022	2210
1023	2213
1024	2215
1025	2218
1026	2221
1027	2223
1028	2224
1029	2226
1030	2227
1031	2228
1032	2229
1033	2230
1034	2231
1035	2232
1036	2233
1037	2236
1038	2237
1039	2238
1040	2240
1041	2241
1042	2243
1044	2244
1045	2245
1046	2247
1047	2249
1049	2250
1050	2251
1051	2252
1052	2254
1053	2256
1054	2257
1055	2259
1056	2260
1057	2261
1058	2262
1059	2265
1061	2266
1063	2267
1064	2269
1065	2270
1066	2272
1067	2274
1068	2277
1071	2278
1072	2279
1074	2280
1075	2281
1076	2282
1077	2284
1078	2285
1080	2286
1081	2287
1083	2290
1084	2292
1086	2294
1087	2295
1090	2298
1091	2299
1092	2300
1093	2301
1094	2302
1096	2303
1097	2304
1099	2305
1103	2306
1106	2307
1107	2310
1108	2312
1109	2314
1110	2316
1111	2317
1112	2319
1113	2322
1114	2324
1116	2326
1118	2327
1119	2328
1120	2329
1121	2331
1122	2334
1123	2335
1124	2337
1125	2339
1127	2340
1128	2342
1129	2344
1130	2346
1131	2348
1133	2350
1134	2353
1135	2355
1136	2356
1137	2358
1139	2359
1140	2362
1141	2363
1142	2364
1143	2366
1145	2368
1146	2369
1148	2370
1149	2371
1150	2372
1151	2374
1152	2375
1153	2377
1154	2378
1155	2379
1156	2380
1157	2381
1158	2382
1160	2384
1161	2385
1163	2387
1164	2388
1165	2389
1166	2392
1167	2393
1168	2395
1169	2396
1170	2398
1171	2400
1172	2402
1173	2406
1174	2408
1175	2411
1176	2415
1178	2417
1179	2418
1180	2420
1181	2422
1182	2423
1183	2425
1184	2427
1185	2430
1186	2431
1187	2435
1188	2436
1189	2439
1190	2440
1191	2441
1192	2443
1193	2446
1194	2447
1195	2449
1196	2455
1197	2461
1198	2463
1199	2467
1200	2471
1201	2472
1202	2473
1203	2476
1204	2480
1205	2483
1206	2484
1207	2490
1208	2493
1209	2494
1210	2495
1211	2496
1212	2499
1213	2505
1214	2507
1215	2509
1216	2514
1217	2518
1218	2519
1219	2521
1220	2524
1221	2525
1222	2527
1223	2530
1224	2535
1225	2537
1226	2538
1227	2539
1228	2540
1229	2542
1230	2544
1231	2546
1232	2550
1233	2554
1234	2555
1236	2557
1237	2558
1238	2560
1239	2563
1240	2564
1241	2566
1243	2567
1244	2570
1245	2571
1247	2573
1248	2575
1249	2579
1250	2580
1251	2582
1252	2583
1253	2584
1254	2586
1255	2589
1257	2590
1258	2591
1259	2592
1260	2595
1261	2596
1262	2598
1264	2600
1266	2601
1267	2602
1268	2603
1269	2604
1270	2606
1271	2611
1272	2612
1273	2613
1274	2614
1276	2617
1277	2618
1278	2620
1279	2622
1281	2625
1282	2626
1283	2628
1284	2631
1285	2633
1286	2634
1287	2636
1288	2637
1289	2638
1290	2640
1291	2641
1293	2642
1294	2644
1295	2645
1296	2647
1297	2650
1298	2651
1299	2652
1300	2654
1301	2655
1302	2656
1303	2657
1304	2659
1305	2661
1306	2662
1307	2663
1308	2666
1309	2667
1310	2670
1311	2672
1312	2674
1313	2676
1314	2677
1315	2679
1316	2681
1317	2682
1318	2683
1319	2684
1320	2686
1321	2689
1322	2691
1323	2693
1324	2695
1325	2697
1326	2700
1327	2702
1328	2706
1329	2707
1330	2709
1331	2711
1332	2714
1333	2717
1334	2718
1335	2724
1336	2728
1337	2729
1338	2730
1339	2731
1340	2734
1341	2736
1342	2740
1343	2741
1344	2742
1345	2743
1347	2747
1348	2748
1349	2750
1350	2751
1351	2753
1352	2755
1353	2757
1354	2759
1355	2762
1356	2763
1357	2772
1358	2776
1359	2782
1360	2786
1361	2790
1362	2792
1363	2795
1365	2796
1366	2799
1367	2801
1369	2802
1370	2805
1371	2808
1372	2810
1373	2812
1374	2815
1375	2816
1376	2817
1377	2822
1378	2823
1379	2825
1380	2827
1381	2830
1382	2831
1383	2832
1384	2835
1385	2836
1386	2838
1387	2841
1388	2842
1389	2844
1390	2847
1391	2848
1392	2852
1393	2853
1394	2856
1395	2859
1397	2861
1399	2863
1400	2868
1401	2870
1402	2871
1403	2874
1404	2875
1405	2879
1406	2881
1407	2886
1408	2889
1409	2890
1410	2893
1411	2898
1412	2900
1413	2902
1414	2907
1415	2908
1416	2911
1418	2913
1420	2914
1422	2917
1423	2920
1425	2921
1426	2922
1427	2925
1428	2927
1429	2928
1430	2929
1431	2931
1433	2932
1434	2935
1435	2938
1437	2939
1438	2942
1440	2947
1441	2949
1442	2953
1443	2954
1444	2955
1445	2957
1446	2961
1447	2962
1448	2965
1449	2968
1450	2970
1452	2971
1453	2973
1454	2976
1455	2977
1456	2978
1458	2979
1459	2983
1460	2984
1461	2985
1462	2987
1463	2989
1464	2990
1466	2992
1467	2993
1469	2994
1470	2996
1471	2999
1472	3001
1473	3002
